0.8121093749999999
2.0496093749999997
2.874609375
3.1839843749999996
3.2097656249999997
2.977734375
2.745703125
2.462109375
2.281640625
1.6371093749999999
1.6371093749999999
1.6371093749999999
1.6371093749999999
1.5597656249999998
0.8121093749999999
0.8121093749999999
0.8121093749999999
0.8121093749999999
0.8121093749999999
0.8121093749999999
0.8121093749999999
0.399609375
0.399609375
0.399609375
0.399609375
0.399609375
0.399609375
0.399609375
0.399609375
0.193359375
0.193359375
0.193359375
0.193359375
0.193359375
0.193359375
0.193359375
0.193359375
0.09023437499999999
0.09023437499999999
0.09023437499999999
0.09023437499999999
0.09023437499999999
0.09023437499999999
0.09023437499999999
0.09023437499999999
0.09023437499999999
0.038671874999999994